-- 0
00011100
00100110
01100011
01100011
01100011
00110010
00011100
00000000
-- 1
00001100
00011100
00001100
00001100
00001100
00001100
00111111
00000000
-- 2
00111110
01100011
00000111
00011110
00111100
01110000
01111111
00000000
-- 3
00111111
00000110
00001100
00011110
00000011
01100011
00111110
00000000
-- 4
00001110
00011110
00110110
01100110
01111111
00000110
00000110
00000000
-- 5
01111110
01100000
01111110
00000011
00000011
01100011
00111110
00000000
-- 6
00011110
00110000
01100000
01111110
01100011
01100011
00111110
00000000
-- 7
01111111
01100011
00000110
00001100
00011000
00011000
00011000
00000000
-- 8
00111110
01100001
01110001
00111110
01001111
01000001
00111110
00000000
-- 9
00111110
01100011
01100011
00111111
00000011
00000110
00111100
00000000
-- A
00011100
00110110
01100011
01100011
01111111
01100011
01100011
00000000
-- B
01111110
01100011
01100011
01111110
01100011
01100011
01111110
00000000
-- C
00011110
00110011
01100000
01100000
01100000
00110011
00011110
00000000
-- D
01111100
01100110
01100011
01100011
01100011
01100110
01111100
00000000
-- E
00111111
00110000
00110000
00111110
00110000
00110000
00111111
00000000
-- F
01111111
01100000
01100000
01111110
01100000
01100000
01100000
00000000
-- G
00011111
00110000
01100000
01100111
01100011
00110011
00011111
00000000
-- H
01100011
01100011
01100011
01111111
01100011
01100011
01100011
00000000
-- I
00111111
00001100
00001100
00001100
00001100
00001100
00111111
00000000
-- J
00000011
00000011
00000011
00000011
00000011
01100011
00111110
00000000
-- K
01100011
01100110
01101100
01111000
01111100
01101110
01100111
00000000
-- L
00110000
00110000
00110000
00110000
00110000
00110000
00111111
00000000
-- M
01100011
01110111
01111111
01111111
01101011
01100011
01100011
00000000
-- N
01100011
01110011
01111011
01111111
01101111
01100111
01100011
00000000
-- O
00111110
01100011
01100011
01100011
01100011
01100011
00111110
00000000
-- P
01111110
01100011
01100011
01100011
01111110
01100000
01100000
00000000
-- Q
01111110
01100011
01100011
01100011
01101111
01100110
00111101
00000000
-- R
01111110
01100011
01100011
01100111
01111100
01101110
01100111
00000000
-- S
00111110
01100011
01100000
00111110
00000011
01100011
00111110
00000000
-- T
00111111
00001100
00001100
00001100
00001100
00001100
00001100
00000000
-- U
01100011
01100011
01100011
01100011
01100011
01100011
00111110
00000000
-- V
01100011
01100011
01100011
01110111
00111110
00011100
00001000
00000000
-- W
01100011
01100011
01101011
01111111
01111111
00110110
00100010
00000000
-- X
01100011
01110111
00111110
00011100
00111110
01110111
01100011
00000000
-- Y
00110011
00110011
00010010
00011110
00001100
00001100
00001100
00000000
-- Z
01111111
00000111
00001110
00011100
00111000
01110000
01111111
00000000
-- interrogation
00011000
00011000
00011000
00011000
00011000
00000000
00011000
00011000
-- semi_colon
00000000
00011000
00011000
00000000
00011000
00011000
00110000
00000000
-- space
00000000
00000000
00000000
00000000
00000000
00000000
00000000
00000000

