right:
00000000 00000000
00000000 00000322
00000000 00000000
00000032 00000000
00000023 23000000
00000032 30000000
00000323 21111111
00000001 31111111

00000000 00000000
00000000 00000000
00000000 00000000
00000000 00000000
00000000 00000000
00000000 00000000
00000000 00000000
00000000 00000000

left:
00000020 00000000
22222333 22222223
00000020 00000000
00000111 33300000
00011111 33130000
00111111 33313000
11111111 33333300
11122221 11111110

00111111 11111000
00000000 00000000
00000000 00000000
00000000 00000000
00000000 00000000
00000000 00000000
00000000 00000000
00000000 00000000

