right:
00000000 00000000
00000000 00000022
00000000 00000000
00000223 00000000
00003232 00000000
00000323 00000000
00000232 31111111
00000322 11111111

00000000 00000000
00000000 00000000
00000000 00000000
00000000 00000000
00000000 00000000
00000000 00000000
00000000 00000000
00000000 00000000

left:
00000020 00000000
22333222 22233200
00000020 00000000
00000111 33300000
00011111 33130000
00111111 33313000
11111111 33333300
11122221 11111110

00111111 11111000
00000000 00000000
00000000 00000000
00000000 00000000
00000000 00000000
00000000 00000000
00000000 00000000
00000000 00000000

