right:
00000000 00000000
00000000 00000023
00000000 00000000
00000023 00000000
00000023 20000000
00003332 33000000
00000023 21111111
00000003 21111111

00000000 00000000
00000000 00000000
00000000 00000000
00000000 00000000
00000000 00000000
00000000 00000000
00000000 00000000
00000000 00000000

left:
00000020 00000000
32222223 33222000
00000020 00000000
00000111 33300000
00011111 33130000
00111111 33313000
11111111 33333300
11122221 11111110

00111111 11111000
00000000 00000000
00000000 00000000
00000000 00000000
00000000 00000000
00000000 00000000
00000000 00000000
00000000 00000000

