left:
00000000 00000000
00000000 00000000
00000000 00101000
00000000 00010001
00000000 00101000
00000000 00000000
00000000 00000000
00000000 00000000

00000000 00000000
00000000 00000000
00000000 00000000
00000000 00000000
00000000 00000000
00000000 00000000
00000000 00000000
00000000 00000000

right:
00000000 10000000
01110111 11111110
00000000 10000000
11111111 11111000
00001111 01000100
00000111 01000110
00000011 11111111
00000000 10001000

00000011 11111111
00000000 00000000
00000000 00000000
00000000 00000000
00000000 00000000
00000000 00000000
00000000 00000000
00000000 00000000

