left:
00000001 00000000
01111111 11101110
00000001 00000000
00011111 11111111
00100010 11110000
01100010 11100000
11111111 11000000
00010001 00000000

11111111 11000000
00000000 00000000
00000000 00000000
00000000 00000000
00000000 00000000
00000000 00000000
00000000 00000000
00000000 00000000

right:
00000000 00000000
00000000 00000000
00010100 00000000
10001000 00000000
00010100 00000000
00000000 00000000
00000000 00000000
00000000 00000000

00000000 00000000
00000000 00000000
00000000 00000000
00000000 00000000
00000000 00000000
00000000 00000000
00000000 00000000
00000000 00000000

